obs:
  r2558: {obs_T1_isot: '2022-10-08T17:45:28.184', obs_T2_isot: '2022-10-11T09:37:24.184'}
  r25589: {obs_T1_isot: '2022-10-08T17:45:28.184', obs_T2_isot: '2022-10-14T01:28:14.184'}
  total_3p: {obs_T1_isot: '2022-10-08T00:39:04', obs_T2_isot: '2022-10-23T08:02:00'}
sc:
  barytime: 0.14860478635175947
  bodies:
    earth:
      body_dec: -69.422
      body_distance: 0
      body_in_sc: [96.70700691257376, -177.92729061769077]
      body_ra: 19.505999999999972
      body_size: 2.6519059844215565
      integral_parallax: 57.29577951308232
      separation: 137648.7
    moon:
      body_dec: -69.422
      body_distance: 378263.6197848711
      body_in_sc: [107.42311113501043, 175.44388878344608]
      body_ra: 19.505999999999972
      body_size: 0.2257527511911254
      integral_parallax: 17.889794313691343
      separation: 440848.53225096094
    sun:
      body_dec: -69.422
      body_distance: 149429798.59580338
      body_in_sc: [67.89812327806959, -3.2523349448476337]
      body_ra: 19.505999999999972
      body_size: 0.2668117335302039
      integral_parallax: 0.0527904100405045
      separation: 149396255.10412204
  d_scx: 65.81131216259752
  d_scy: 148.90559844165924
  d_scz: 108.32307498976417
  dyz_scy: 159.8406485434722
  dyz_scz: 110.15935145648146
  ephs: {alt: 137648.7, dec: 69.422, ra: 199.506}
  phi: -110.1593514565278
  scx: {dec: -41.012, ra: 261.096}
  scy: {dec: -48.359935891264755, ra: 93.09892784499944}
  scz: {dec: 5.985, ra: 176.327}
  theta: 65.81131216259752
sc_second_pointing:
  barytime: 0.14976470337766667
  bodies:
    earth:
      body_dec: -69.277
      body_distance: 0
      body_in_sc: [96.4532990617256, -177.33667961990668]
      body_ra: 19.78200000000004
      body_size: 2.6423347490529854
      integral_parallax: 57.29577951308232
      separation: 138147.3
    moon:
      body_dec: -69.277
      body_distance: 378293.8878963771
      body_in_sc: [107.0243569261924, 175.60285534874689]
      body_ra: 19.78200000000004
      body_size: 0.22550532420567654
      integral_parallax: 17.934917486838717
      separation: 441332.2362333775
    sun:
      body_dec: -69.277
      body_distance: 149429450.84341526
      body_in_sc: [68.3511850876033, -3.2582416240683583]
      body_ra: 19.78200000000004
      body_size: 0.266813128577566
      integral_parallax: 0.052981907887801626
      separation: 149395473.97744843
  d_scx: 67.68686829882438
  d_scy: 151.08480928765076
  d_scz: 107.42136596435819
  dyz_scy: 161.11746406994698
  dyz_scz: 108.88253593005291
  ephs: {alt: 138147.3, dec: 69.277, ra: 199.782}
  phi: -108.88253593005307
  scx: {dec: -43.15, ra: 261.138}
  scy: {dec: -46.143290335646896, ra: 93.82106742713617}
  scz: {dec: 6.372, ra: 177.147}
  theta: 67.68686829882438
